tissue geneID	BMR1	BMR2	BMR3	BMR4	BMR5	M1	M2	M3	M4	M5
Intestine	ENSMUSG00000004099 12.1286470714205 12.5175586471664 15.6997265483733 14.7493811350095 7.37508961391722 33.1751789595883 27.0574519359073 30.6437610129596 23.3224646892582 41.2751087529401
Kidney	ENSMUSG00000004099 14.7014196154299 12.1025722270889 13.3859524609037 11.8427742059333 12.3381833479131 19.3599990177769 18.0537175828503 19.8591944917857 20.5972176965518 18.0199566476489
Liver	ENSMUSG00000004099 3.69128637003161 3.31454335961774 3.36180955839447 4.31546125091925 3.74814293802006 9.70149016252296 10.0500591376592 8.29429081443224 10.4572985829975 7.38844083938329
Lung	ENSMUSG00000004099 23.2911921608224 21.8132121105167 21.2061850031294 20.5641353856872 18.0312327199703 37.2402952305862 37.3880869967787 35.8819727209965 62.5145234280497 45.5674917561671
Muscle	ENSMUSG00000004099 7.00206801044677 6.43435179433699 5.85220580553536 6.38670552053322 6.26100237401376 7.46090503963799 5.8146890650224 8.04800294082223 7.37480375025218 11.5919452589642
Skin	ENSMUSG00000004099 32.9989087556405 22.059466592705 30.751393502314 17.7820249075891 28.0735366614288 61.9693603913692 43.1555055195175 56.5293415506457 79.6757665843619 57.2463122401401
Spleen	ENSMUSG00000004099 57.371787708935 33.3532583761359 61.106408510031 59.5558929930099 83.4304631469147 98.9784325219925 84.2879887653094 162.03491570624 147.771366457241 141.421345524762
WAT	ENSMUSG00000004099 32.7379115760874 31.439442326977 32.4733238956847 33.1657535648029 23.8766684584589 30.7067449462374 38.5128861955613 29.5604447417999 32.4356401226405 47.4167654587763

